[blank.png]
filters=Border=1,5.263158,4.093567,0.000000,00000000,00ffffff,0.000000;
moddate=000028fd37d60000
width=150
height=251
textactive=0
